 1.9585
 1.9585
 1.9585
 1.9666
 1.9707
 1.9653
 1.9538
 1.9538
 1.9538
 1.9597
 1.9640
 1.9697
 1.9542
 1.9509
 1.9509
 1.9509
 1.9548
 1.9506
 1.9439
 1.9472
 1.9423
 1.9361
 1.9361
 1.9350
 1.9310
 1.9286
 1.9321
 1.9394
 1.9394
 1.9394
 1.9357
 1.9356
 1.9365
 1.9344
 1.9267
 1.9267
 1.9267
 1.9121
 1.9178
 1.9225
 1.9126
 1.9028
 1.9028
 1.9028
 1.8891
 1.8804
 1.8650
 1.8675
 1.8731
 1.8731
 1.8731
 1.8784
 1.8751
 1.8723
 1.8754
 1.8774
 1.8774
 1.8774
 1.8818
 1.8859
 1.8955
 1.9002
 1.9141
 1.9141
 1.9141
 1.9031
 1.9023
 1.9023
 1.9126
 1.9141
 1.9141
 1.9141
 1.9122
 1.9143
 1.9152
 1.8981
 1.8909
 1.8909
 1.8909
 1.8829
 1.8797
 1.8854
 1.8842
 1.8808
 1.8808
 1.8808
 1.8732
 1.8748
 1.8767
 1.8720
 1.8721
 1.8721
 1.8721
 1.8777
 1.8868
 1.8808
 1.8882
 1.8938
 1.8938
 1.8938
 1.9027
 1.8966
 1.8912
 1.8865
 1.8817
 1.8817
 1.8817
 1.8825
 1.8797
 1.8799
 1.8826
 1.8763
 1.8763
 1.8763
 1.8763
 1.8763
 1.8694
 1.8763
 1.8740
 1.8692
 1.8692
 1.8692
 1.8681
 1.8716
 1.8834
 1.8934
 1.8824
 1.8824
 1.8824
 1.8824
 1.8855
 1.8719
 1.8733
 1.8733
 1.8733
 1.8599
 1.8529
 1.8583
 1.8680
 1.8609
 1.8609
 1.8609
 1.8525
 1.8524
 1.8527
 1.8520
 1.8598
 1.8598
 1.8598
 1.8625
 1.8642
 1.8673
 1.8635
 1.8665
 1.8665
 1.8665
 1.8650
 1.8674
 1.8672
 1.8733
 1.8758
 1.8758
 1.8758
 1.8759
 1.8750
 1.8771
 1.8840
 1.8874
 1.8874
 1.8874
 1.8895
 1.9016
 1.9219
 1.9309
 1.9284
 1.9284
 1.9284
 1.9221
 1.9249
 1.9343
 1.9336
 1.9413
 1.9413
 1.9413
 1.9413
 1.9442
 1.9557
 1.9714
 1.9731
 1.9731
 1.9731
 1.9734
 1.9794
 1.9780
 1.9726
 1.9645
 1.9645
 1.9645
 1.9513
 1.9521
 1.9493
 1.9465
 1.9351
 1.9351
 1.9351
 1.9440
 1.9458
 1.9505
 1.9430
 1.9396
 1.9396
 1.9396
 1.9442
 1.9401
 1.9512
 1.9568
 1.9495
 1.9495
 1.9495
 1.9508
 1.9526
 1.9537
 1.9516
 1.9521
 1.9521
 1.9521
 1.9454
 1.9498
 1.9450
 1.9379
 1.9383
 1.9383
 1.9383
 1.9339
 1.9303
 1.9319
 1.9335
 1.9333
 1.9333
 1.9333
 1.9240
 1.9236
 1.9335
 1.9353
 1.9288
 1.9288
 1.9288
 1.9251
 1.9293
 1.9242
 1.9234
 1.9206
 1.9206
 1.9206
 1.9232
 1.9286
 1.9392
 1.9447
 1.9390
 1.9390
 1.9390
 1.9382
 1.9405
 1.9405
 1.9457
 1.9366
 1.9366
 1.9366
 1.9394
 1.9453
 1.9614
 1.9689
 1.9623
 1.9623
 1.9623
 1.9620
 1.9655
 1.9650
 1.9629
 1.9684
 1.9684
 1.9684
 1.9755
 1.9719
 1.9711
 1.9677
 1.9633
 1.9633
 1.9633
